2;arms_factory;1014.00;10.60;124.00;1.96;0
2;arms_factory;982.00;10.30;126.00;6.08;0
2;arms_factory;1001.00;10.15;115.00;6.18;0
2;arms_factory;1007.00;11.10;135.00;4.02;0
2;arms_factory;1016.00;10.40;114.00;0.41;0
2;arms_factory;986.00;10.32;128.00;3.07;0
2;industrial_complex;980.00;10.20;119.00;6.09;0
2;industrial_complex;979.00;10.15;128.00;2.47;0
2;industrial_complex;991.00;10.60;137.00;5.13;0
2;industrial_complex;989.00;9.90;111.00;1.52;0
2;industrial_complex;983.00;10.15;137.00;4.54;0
2;industrial_complex;977.00;10.00;130.00;5.74;0
2;air_base;990.00;10.30;120.00;3.58;0
2;naval_base;990.00;9.50;108.00;0.24;1263
2;naval_base;979.00;9.50;142.00;-1.92;1262
2;naval_base;1001.00;9.50;107.00;-0.62;1263
2;bunker;993.00;10.75;138.00;2.03;0
2;bunker;998.00;10.10;113.00;5.05;0
2;bunker;983.00;10.32;125.00;6.25;0
2;bunker;1003.00;10.55;126.00;4.09;0
2;coastal_bunker;973.00;9.90;122.00;-1.95;0
2;coastal_bunker;1000.00;9.50;107.00;-0.62;0
2;coastal_bunker;976.00;9.60;147.00;-2.32;0
2;dockyard;977.00;9.50;145.00;-1.92;0
2;anti_air_building;992.00;10.50;127.00;3.74;0
2;anti_air_building;990.00;10.23;118.00;0.48;0
2;anti_air_building;985.00;9.88;111.00;3.14;0
2;synthetic_refinery;1001.00;10.93;136.00;5.81;0
2;fuel_silo;995.00;10.00;111.00;2.54;0
2;radar_station;997.00;10.60;126.00;0.63;0
2;rocket_site;1006.00;10.45;122.00;1.59;0
2;nuclear_reactor;978.00;10.15;120.00;4.25;0
3;arms_factory;1017.00;10.20;110.00;6.18;0
3;arms_factory;1016.00;9.95;107.00;4.02;0
3;arms_factory;1019.00;10.20;111.00;0.41;0
3;arms_factory;1014.00;10.00;107.00;3.07;0
3;arms_factory;1021.00;10.15;109.00;6.09;0
3;arms_factory;1021.00;10.00;107.00;2.47;0
3;industrial_complex;1020.00;10.10;109.00;5.13;0
3;industrial_complex;1019.00;9.95;107.00;1.52;0
3;industrial_complex;1019.00;10.18;110.00;4.54;0
3;industrial_complex;1018.00;9.90;107.00;5.74;0
3;industrial_complex;1018.00;10.20;110.00;3.58;0
3;industrial_complex;1016.00;9.95;107.00;5.14;0
3;air_base;1017.00;10.20;110.00;1.52;0
3;dockyard;1017.00;9.50;104.00;0.59;0
3;anti_air_building;1020.00;10.00;107.00;4.09;0
3;anti_air_building;1019.00;10.12;109.00;0.47;0
3;anti_air_building;1018.00;9.90;107.00;2.04;0
3;synthetic_refinery;1019.00;10.18;110.00;4.70;0
3;fuel_silo;1027.00;9.90;106.00;2.54;0
3;radar_station;1023.00;10.12;109.00;5.51;0
3;rocket_site;1015.00;9.95;107.00;0.48;0
3;nuclear_reactor;1016.00;10.20;110.00;3.14;0
4;arms_factory;1044.00;10.30;114.00;0.41;0
4;arms_factory;1077.00;10.82;115.00;3.07;0
4;arms_factory;1029.00;10.18;112.00;6.09;0
4;arms_factory;1051.00;10.10;108.00;2.47;0
4;arms_factory;1074.00;10.38;108.00;5.13;0
4;arms_factory;1038.00;10.40;117.00;1.52;0
4;industrial_complex;1039.00;10.60;122.00;4.54;0
4;industrial_complex;1075.00;10.80;115.00;5.74;0
4;industrial_complex;1027.00;10.20;112.00;3.58;0
4;industrial_complex;1030.00;10.40;118.00;5.14;0
4;industrial_complex;1082.00;10.25;107.00;1.52;0
4;industrial_complex;1072.00;10.82;116.00;4.19;0
4;air_base;1037.00;10.57;122.00;2.03;0
4;naval_base;1050.00;9.50;105.00;0.62;1358
4;naval_base;1068.00;9.50;100.00;0.29;1358
4;naval_base;1079.00;9.65;101.00;-0.08;1089
4;bunker;1072.00;11.60;127.00;0.47;0
4;bunker;1052.00;10.10;108.00;2.04;0
4;bunker;1039.00;10.48;119.00;4.70;0
4;bunker;1068.00;10.40;109.00;2.54;0
4;bunker;1083.00;10.50;111.00;3.74;0
4;coastal_bunker;1076.00;9.90;101.00;-0.08;0
4;coastal_bunker;1055.00;9.50;104.00;0.62;0
4;coastal_bunker;1067.00;9.50;100.00;0.29;0
4;dockyard;1078.00;9.50;101.00;-0.08;0
4;anti_air_building;1058.00;10.95;122.00;5.21;0
4;anti_air_building;1067.00;11.57;128.00;1.59;0
4;anti_air_building;1081.00;11.05;116.00;4.25;0
4;synthetic_refinery;1057.00;10.55;116.00;0.99;0
4;fuel_silo;1056.00;11.05;123.00;3.66;0
4;radar_station;1053.00;10.65;120.00;0.94;0
4;rocket_site;1061.00;10.38;110.00;2.70;0
4;nuclear_reactor;1064.00;11.43;128.00;5.72;0
5;arms_factory;1015.00;11.20;146.00;6.09;0
5;arms_factory;989.00;10.35;147.00;2.47;0
5;arms_factory;1031.00;10.98;145.00;5.13;0
5;arms_factory;1014.00;10.90;152.00;1.52;0
5;arms_factory;988.00;10.30;148.00;4.54;0
5;arms_factory;1043.00;10.82;131.00;5.74;0
5;industrial_complex;1008.00;10.90;153.00;3.58;0
5;industrial_complex;986.00;10.20;149.00;5.14;0
5;industrial_complex;1050.00;11.12;132.00;1.52;0
5;industrial_complex;1029.00;10.90;153.00;4.19;0
5;industrial_complex;983.00;10.50;172.00;2.03;0
5;industrial_complex;1041.00;10.80;134.00;5.05;0
5;air_base;1024.00;10.90;154.00;6.25;0
5;naval_base;958.00;9.50;164.00;-1.65;944
5;bunker;1046.00;11.00;135.00;0.47;0
5;bunker;1029.00;10.60;128.00;2.04;0
5;bunker;978.00;10.40;175.00;4.70;0
5;bunker;1010.00;11.03;146.00;2.54;0
5;bunker;981.00;10.50;171.00;3.74;0
5;bunker;1014.00;10.95;151.00;0.48;0
5;coastal_bunker;965.00;9.60;158.00;-0.22;0
5;dockyard;964.00;9.50;158.00;-0.22;0
5;anti_air_building;976.00;10.20;158.00;2.54;0
5;anti_air_building;990.00;10.40;150.00;5.21;0
5;anti_air_building;999.00;10.40;161.00;1.59;0
5;synthetic_refinery;1036.00;10.65;140.00;4.25;0
5;fuel_silo;987.00;10.30;151.00;0.99;0
5;radar_station;1005.00;10.82;149.00;5.75;0
5;rocket_site;1024.00;11.18;142.00;0.04;0
5;nuclear_reactor;982.00;10.20;152.00;2.70;0
6;arms_factory;1093.00;10.98;168.00;5.13;0
6;arms_factory;1085.00;11.48;165.00;1.52;0
6;arms_factory;1093.00;11.68;145.00;4.54;0
6;arms_factory;1117.00;10.60;169.00;5.74;0
6;arms_factory;1084.00;11.45;157.00;3.58;0
6;arms_factory;1117.00;11.93;150.00;5.14;0
6;industrial_complex;1120.00;11.03;157.00;1.52;0
6;industrial_complex;1095.00;11.60;149.00;4.19;0
6;industrial_complex;1097.00;11.45;146.00;2.03;0
6;industrial_complex;1103.00;11.40;159.00;5.05;0
6;industrial_complex;1119.00;11.38;153.00;6.25;0
6;industrial_complex;1109.00;12.45;151.00;4.09;0
6;air_base;1101.00;11.68;152.00;0.47;0
6;bunker;1094.00;11.70;150.00;2.04;0
6;bunker;1108.00;12.48;150.00;4.70;0
6;bunker;1116.00;10.60;169.00;2.54;0
6;anti_air_building;1120.00;11.32;154.00;3.74;0
6;anti_air_building;1122.00;10.85;136.00;0.48;0
6;anti_air_building;1097.00;11.53;153.00;3.14;0
6;synthetic_refinery;1110.00;12.43;147.00;5.81;0
6;fuel_silo;1120.00;10.43;172.00;2.54;0
6;radar_station;1105.00;11.40;160.00;0.63;0
6;rocket_site;1113.00;11.28;140.00;1.59;0
6;nuclear_reactor;1125.00;10.85;137.00;4.25;0
7;arms_factory;1352.00;10.38;152.00;4.54;0
7;arms_factory;1342.00;10.15;138.00;5.74;0
7;arms_factory;1373.00;11.30;224.00;3.58;0
7;arms_factory;1257.00;10.23;142.00;5.14;0
7;arms_factory;1359.00;10.70;202.00;1.52;0
7;arms_factory;1329.00;10.30;143.00;4.19;0
7;industrial_complex;1365.00;10.40;161.00;2.03;0
7;industrial_complex;1337.00;10.12;190.00;5.05;0
7;industrial_complex;1377.00;10.25;181.00;6.25;0
7;industrial_complex;1247.00;10.20;160.00;4.09;0
7;industrial_complex;1260.00;10.30;155.00;0.47;0
7;industrial_complex;1329.00;10.00;153.00;2.04;0
7;air_base;1357.00;10.43;215.00;4.70;0
7;naval_base;1326.00;9.50;207.00;-1.49;1350
7;naval_base;1324.00;9.57;170.00;-1.70;1353
7;naval_base;1314.00;9.60;159.00;-1.78;967
7;naval_base;1391.00;10.00;206.00;0.61;1265
7;naval_base;1310.00;9.50;121.00;-0.73;1067
7;naval_base;1395.00;9.65;227.00;0.90;1347
7;naval_base;1254.00;9.50;128.00;-1.37;1085
7;naval_base;1364.00;9.85;138.00;1.57;1162
7;naval_base;1381.00;9.62;153.00;0.08;1162
7;naval_base;1239.00;9.50;156.00;-0.52;722
7;naval_base;1345.00;9.95;223.00;-2.68;1000
7;naval_base;1270.00;9.95;155.00;-3.42;1273
7;naval_base;1291.00;9.50;122.00;-0.06;1255
7;naval_base;1381.00;10.00;183.00;1.28;846
7;bunker;1350.00;10.30;162.00;0.64;0
7;bunker;1353.00;10.60;202.00;4.76;0
7;bunker;1357.00;10.40;208.00;2.61;0
7;bunker;1332.00;9.90;155.00;2.71;0
7;bunker;1284.00;10.53;139.00;0.55;0
7;bunker;1263.00;10.32;145.00;3.21;0
7;bunker;1257.00;10.28;143.00;4.77;0
7;bunker;1269.00;10.12;125.00;1.16;0
7;bunker;1334.00;10.10;190.00;5.28;0
7;bunker;1316.00;10.20;129.00;0.20;0
7;bunker;1358.00;9.90;137.00;3.22;0
7;bunker;1377.00;11.55;224.00;5.88;0
7;bunker;1378.00;10.10;176.00;2.26;0
7;bunker;1339.00;10.23;170.00;0.11;0
7;bunker;1367.00;10.90;215.00;1.67;0
7;coastal_bunker;1393.00;10.00;217.00;-4.32;0
7;coastal_bunker;1266.00;9.95;158.00;-3.42;0
7;coastal_bunker;1361.00;9.90;236.00;-2.68;0
7;coastal_bunker;1323.00;9.80;167.00;-1.70;0
7;coastal_bunker;1384.00;9.50;263.00;-3.33;0
7;coastal_bunker;1382.00;9.90;173.00;-3.68;0
7;coastal_bunker;1306.00;9.50;120.00;-0.73;0
7;coastal_bunker;1253.00;9.65;134.00;-0.52;0
7;coastal_bunker;1329.00;9.70;221.00;-2.91;0
7;coastal_bunker;1304.00;9.85;153.00;-1.78;0
7;coastal_bunker;1254.00;9.50;129.00;-1.37;0
7;coastal_bunker;1298.00;9.50;121.00;-0.06;0
7;coastal_bunker;1341.00;9.50;128.00;-0.27;0
7;coastal_bunker;1381.00;10.00;183.00;1.28;0
7;dockyard;1383.00;9.65;259.00;-3.33;0
7;anti_air_building;1270.00;10.38;132.00;1.73;0
7;anti_air_building;1311.00;10.30;135.00;4.40;0
7;anti_air_building;1355.00;9.88;135.00;0.78;0
7;synthetic_refinery;1364.00;10.25;233.00;2.34;0
7;fuel_silo;1373.00;10.32;174.00;0.18;0
7;radar_station;1323.00;9.50;197.00;4.49;0
7;rocket_site;1263.00;10.32;146.00;5.50;0
7;nuclear_reactor;1362.00;10.30;159.00;2.24;0
8;arms_factory;1130.00;10.50;200.00;3.58;0
8;arms_factory;1134.00;10.50;154.00;5.14;0
8;arms_factory;1146.00;10.35;203.00;1.52;0
8;arms_factory;1140.00;10.53;207.00;4.19;0
8;arms_factory;1123.00;10.35;183.00;2.03;0
8;arms_factory;1126.00;10.50;178.00;5.05;0
8;industrial_complex;1133.00;10.40;184.00;6.25;0
8;industrial_complex;1145.00;10.10;166.00;4.09;0
8;industrial_complex;1141.00;10.25;163.00;0.47;0
8;industrial_complex;1130.00;10.55;153.00;2.04;0
8;industrial_complex;1129.00;10.60;160.00;4.70;0
8;industrial_complex;1126.00;10.60;156.00;2.54;0
8;air_base;1126.00;10.40;197.00;3.74;0
8;naval_base;1146.00;9.65;191.00;0.93;629
8;naval_base;1146.00;9.95;185.00;-4.55;629
8;naval_base;1150.00;10.00;165.00;-4.09;1109
8;bunker;1139.00;10.60;208.00;2.54;0
8;bunker;1138.00;10.43;161.00;5.21;0
8;bunker;1127.00;10.57;157.00;1.59;0
8;bunker;1126.00;10.30;187.00;4.25;0
8;bunker;1135.00;10.32;177.00;0.99;0
8;coastal_bunker;1158.00;9.90;158.00;-4.09;0
8;coastal_bunker;1147.00;9.90;180.00;-4.55;0
8;coastal_bunker;1147.00;9.90;193.00;0.93;0
8;dockyard;1154.00;9.90;162.00;-4.09;0
8;anti_air_building;1123.00;10.43;198.00;0.64;0
8;anti_air_building;1131.00;10.50;195.00;4.76;0
8;anti_air_building;1153.00;10.10;201.00;2.61;0
8;synthetic_refinery;1151.00;10.20;204.00;2.71;0
8;fuel_silo;1131.00;10.57;170.00;0.55;0
8;radar_station;1137.00;10.30;181.00;4.52;0
8;rocket_site;1137.00;10.50;160.00;4.77;0
8;nuclear_reactor;1134.00;10.53;158.00;1.16;0
9;arms_factory;1106.00;10.20;110.00;1.52;0
9;arms_factory;1101.00;10.40;114.00;4.19;0
9;arms_factory;1093.00;11.60;133.00;2.03;0
9;arms_factory;1157.00;10.50;141.00;5.05;0
9;arms_factory;1161.00;10.43;125.00;6.25;0
9;arms_factory;1124.00;9.85;108.00;4.09;0
9;industrial_complex;1108.00;10.35;118.00;0.47;0
9;industrial_complex;1094.00;11.53;132.00;2.04;0
9;industrial_complex;1158.00;10.45;143.00;4.70;0
9;industrial_complex;1128.00;10.70;135.00;2.54;0
9;industrial_complex;1132.00;10.75;130.00;3.74;0
9;industrial_complex;1111.00;10.48;120.00;0.48;0
9;air_base;1086.00;10.00;102.00;3.14;0
9;naval_base;1167.00;10.00;128.00;-4.21;783
9;naval_base;1165.00;9.90;134.00;1.45;783
9;naval_base;1091.00;9.50;99.00;0.54;974
9;naval_base;1115.00;9.60;104.00;0.00;974
9;naval_base;1130.00;9.50;107.00;-0.30;959
9;bunker;1096.00;11.40;129.00;0.99;0
9;bunker;1160.00;10.45;128.00;3.66;0
9;bunker;1086.00;10.25;105.00;0.04;0
9;bunker;1153.00;10.88;142.00;2.70;0
9;bunker;1147.00;10.65;126.00;5.72;0
9;bunker;1083.00;11.68;128.00;0.64;0
9;bunker;1125.00;10.40;125.00;4.76;0
9;bunker;1120.00;9.80;107.00;2.61;0
9;bunker;1128.00;10.23;115.00;2.71;0
9;bunker;1109.00;10.23;115.00;0.55;0
9;coastal_bunker;1093.00;9.50;99.00;0.54;0
9;coastal_bunker;1165.00;9.90;133.00;-4.21;0
9;coastal_bunker;1166.00;9.90;142.00;1.45;0
9;coastal_bunker;1116.00;9.57;105.00;0.00;0
9;coastal_bunker;1129.00;9.57;107.00;-0.30;0
9;dockyard;1165.00;9.95;132.00;-4.21;0
9;anti_air_building;1097.00;10.32;108.00;5.88;0
9;anti_air_building;1153.00;10.55;149.00;2.26;0
9;anti_air_building;1139.00;10.57;125.00;0.11;0
9;synthetic_refinery;1164.00;9.95;120.00;1.67;0
9;fuel_silo;1116.00;10.60;126.00;5.79;0
9;radar_station;1123.00;10.45;127.00;1.43;0
9;rocket_site;1084.00;11.68;137.00;4.83;0
9;nuclear_reactor;1133.00;10.93;140.00;0.11;0
10;arms_factory;1267.00;10.12;250.00;2.03;0
10;arms_factory;1164.00;10.80;235.00;5.05;0
10;arms_factory;1254.00;10.98;271.00;6.25;0
10;arms_factory;1268.00;10.57;265.00;4.09;0
10;arms_factory;1170.00;10.80;250.00;0.47;0
10;arms_factory;1171.00;10.60;247.00;2.04;0
10;industrial_complex;1207.00;10.75;260.00;4.70;0
10;industrial_complex;1168.00;10.40;218.00;2.54;0
10;industrial_complex;1152.00;10.55;215.00;3.74;0
10;industrial_complex;1186.00;10.25;222.00;0.48;0
10;industrial_complex;1196.00;10.60;251.00;3.14;0
10;industrial_complex;1234.00;10.45;258.00;5.81;0
10;air_base;1150.00;10.82;222.00;2.54;0
10;naval_base;1266.00;9.88;239.00;-4.33;1344
10;naval_base;1179.00;9.70;214.00;0.62;1194
10;naval_base;1276.00;9.65;250.00;1.03;1344
10;naval_base;1199.00;9.50;222.00;1.01;1348
10;naval_base;1238.00;9.50;226.00;-0.09;1349
10;bunker;1223.00;10.25;243.00;0.04;0
10;bunker;1162.00;11.00;242.00;2.70;0
10;bunker;1181.00;10.35;221.00;5.72;0
10;bunker;1207.00;10.98;272.00;0.64;0
10;bunker;1250.00;10.18;230.00;4.76;0
10;bunker;1223.00;10.55;267.00;2.61;0
10;bunker;1153.00;10.45;210.00;2.71;0
10;bunker;1252.00;10.50;263.00;0.55;0
10;bunker;1147.00;11.62;246.00;3.21;0
10;coastal_bunker;1230.00;9.50;226.00;-0.09;0
10;coastal_bunker;1270.00;9.90;248.00;1.03;0
10;coastal_bunker;1214.00;9.50;226.00;1.01;0
10;coastal_bunker;1164.00;10.00;207.00;0.62;0
10;coastal_bunker;1261.00;9.62;231.00;-0.24;0
10;dockyard;1195.00;10.05;222.00;-0.64;0
10;anti_air_building;1222.00;10.25;251.00;2.26;0
10;anti_air_building;1204.00;10.30;235.00;0.11;0
10;anti_air_building;1194.00;11.07;264.00;1.67;0
10;synthetic_refinery;1235.00;10.90;271.00;5.79;0
10;fuel_silo;1225.00;10.53;267.00;0.71;0
10;radar_station;1203.00;10.40;243.00;5.47;0
10;rocket_site;1223.00;10.23;241.00;0.11;0
10;nuclear_reactor;1220.00;10.20;238.00;2.78;0
11;arms_factory;1036.00;11.15;168.00;6.25;0
11;arms_factory;1050.00;10.10;201.00;4.09;0
11;arms_factory;1041.00;10.05;199.00;0.47;0
11;arms_factory;1048.00;11.00;175.00;2.04;0
11;arms_factory;987.00;10.55;178.00;4.70;0
11;arms_factory;1064.00;11.12;173.00;2.54;0
11;industrial_complex;1079.00;11.05;210.00;3.74;0
11;industrial_complex;1111.00;10.75;203.00;0.48;0
11;industrial_complex;1039.00;10.85;154.00;3.14;0
11;industrial_complex;1020.00;10.50;173.00;5.81;0
11;industrial_complex;1017.00;9.82;211.00;2.54;0
11;industrial_complex;1086.00;12.28;236.00;5.21;0
11;air_base;1048.00;10.05;220.00;1.59;0
11;bunker;1045.00;10.93;241.00;4.25;0
11;bunker;1068.00;10.62;229.00;0.99;0
11;bunker;1013.00;10.20;188.00;3.66;0
11;bunker;1029.00;10.98;166.00;0.04;0
11;bunker;1065.00;11.03;175.00;2.70;0
11;bunker;1047.00;10.60;185.00;5.72;0
11;bunker;1032.00;9.90;226.00;0.64;0
11;bunker;1121.00;11.48;232.00;4.76;0
11;bunker;1021.00;10.05;202.00;2.61;0
11;bunker;1105.00;10.23;192.00;2.71;0
11;bunker;1065.00;10.30;229.00;0.55;0
11;bunker;1019.00;10.50;168.00;3.21;0
11;bunker;1076.00;11.88;143.00;4.77;0
11;anti_air_building;1097.00;10.90;209.00;1.16;0
11;anti_air_building;1087.00;10.55;182.00;5.28;0
11;anti_air_building;1085.00;11.60;222.00;0.20;0
11;synthetic_refinery;1018.00;9.90;216.00;3.22;0
11;fuel_silo;1031.00;11.00;166.00;5.88;0
11;radar_station;1064.00;10.85;197.00;4.07;0
11;rocket_site;996.00;10.50;178.00;0.11;0
11;nuclear_reactor;1138.00;10.65;214.00;1.67;0
12;arms_factory;936.00;10.35;197.00;0.47;0
12;arms_factory;924.00;10.20;198.00;2.04;0
12;arms_factory;923.00;10.20;201.00;4.70;0
12;arms_factory;971.00;10.98;218.00;2.54;0
12;arms_factory;968.00;11.00;220.00;3.74;0
12;arms_factory;930.00;10.00;225.00;0.48;0
12;industrial_complex;977.00;10.40;197.00;3.14;0
12;industrial_complex;971.00;10.50;200.00;5.81;0
12;industrial_complex;990.00;10.30;202.00;2.54;0
12;industrial_complex;940.00;10.50;217.00;5.21;0
12;industrial_complex;955.00;10.88;219.00;1.59;0
12;industrial_complex;938.00;10.50;220.00;4.25;0
12;air_base;950.00;10.55;202.00;0.99;0
12;naval_base;914.00;9.90;213.00;-1.57;1028
12;naval_base;939.00;9.50;175.00;0.00;1203
12;naval_base;926.00;9.50;231.00;-1.57;1285
12;naval_base;949.00;9.50;169.00;-0.55;944
12;bunker;954.00;10.30;190.00;0.64;0
12;bunker;923.00;10.25;202.00;4.76;0
12;bunker;975.00;10.43;188.00;2.61;0
12;bunker;954.00;10.90;219.00;2.71;0
12;bunker;918.00;9.90;187.00;0.55;0
12;bunker;936.00;10.40;223.00;3.21;0
12;coastal_bunker;933.00;9.90;240.00;-3.14;0
12;coastal_bunker;914.00;9.50;188.00;-1.77;0
12;coastal_bunker;911.00;9.50;203.00;-1.57;0
12;coastal_bunker;950.00;9.50;169.00;-0.55;0
12;dockyard;913.00;9.62;213.00;-1.57;0
12;anti_air_building;967.00;11.05;221.00;5.88;0
12;anti_air_building;936.00;10.32;225.00;2.26;0
12;anti_air_building;931.00;10.00;230.00;0.11;0
12;synthetic_refinery;976.00;10.48;200.00;1.67;0
12;fuel_silo;966.00;10.48;203.00;5.79;0
12;radar_station;953.00;10.90;208.00;1.43;0
12;rocket_site;960.00;10.88;219.00;4.83;0
12;nuclear_reactor;947.00;10.50;222.00;0.11;0
13;arms_factory;1001.00;11.15;245.00;4.70;0
13;arms_factory;963.00;10.80;233.00;2.54;0
13;arms_factory;984.00;10.80;230.00;3.74;0
13;arms_factory;989.00;10.95;285.00;0.48;0
13;arms_factory;991.00;11.20;260.00;3.14;0
13;arms_factory;979.00;10.75;262.00;5.81;0
13;industrial_complex;958.00;10.43;255.00;2.54;0
13;industrial_complex;983.00;10.50;214.00;5.21;0
13;industrial_complex;1023.00;10.35;254.00;1.59;0
13;industrial_complex;1007.00;10.80;238.00;4.25;0
13;industrial_complex;970.00;11.10;246.00;0.99;0
13;industrial_complex;960.00;10.80;233.00;3.66;0
13;air_base;981.00;10.82;230.00;0.04;0
13;naval_base;966.00;9.50;289.00;-3.03;1224
13;naval_base;952.00;10.05;260.00;-2.94;1260
13;bunker;976.00;10.60;262.00;0.64;0
13;bunker;960.00;10.85;246.00;4.76;0
13;bunker;1013.00;10.93;241.00;2.61;0
13;bunker;990.00;10.93;234.00;2.71;0
13;bunker;981.00;10.75;288.00;0.55;0
13;bunker;972.00;11.20;245.00;3.21;0
13;bunker;992.00;11.40;253.00;4.77;0
13;coastal_bunker;961.00;9.90;273.00;-1.99;0
13;coastal_bunker;947.00;10.00;253.00;-2.45;0
13;dockyard;955.00;9.90;263.00;-1.99;0
13;anti_air_building;960.00;10.82;245.00;3.22;0
13;anti_air_building;950.00;10.50;229.00;5.88;0
13;anti_air_building;991.00;10.40;213.00;2.26;0
13;synthetic_refinery;1016.00;10.70;254.00;0.11;0
13;fuel_silo;975.00;10.30;275.00;1.67;0
13;radar_station;987.00;11.18;251.00;6.24;0
13;rocket_site;946.00;10.05;249.00;0.71;0
13;nuclear_reactor;992.00;11.07;280.00;4.83;0
14;arms_factory;979.00;10.43;326.00;3.74;0
14;arms_factory;992.00;10.80;336.00;0.48;0
14;arms_factory;981.00;10.23;340.00;3.14;0
14;arms_factory;1025.00;10.10;325.00;5.81;0
14;arms_factory;1014.00;10.20;350.00;2.54;0
14;arms_factory;1027.00;10.50;296.00;5.21;0
14;industrial_complex;968.00;10.00;292.00;1.59;0
14;industrial_complex;1014.00;10.25;325.00;4.25;0
14;industrial_complex;984.00;10.98;300.00;0.99;0
14;industrial_complex;981.00;10.75;319.00;3.66;0
14;industrial_complex;1017.00;10.18;316.00;0.04;0
14;industrial_complex;1001.00;10.48;341.00;2.70;0
14;air_base;999.00;11.10;299.00;5.72;0
14;naval_base;979.00;9.95;344.00;-1.25;1161
14;naval_base;968.00;9.90;322.00;-3.06;1161
14;naval_base;975.00;9.70;330.00;-1.67;1161
14;bunker;1019.00;10.20;319.00;2.71;0
14;bunker;1017.00;10.40;301.00;0.55;0
14;bunker;982.00;10.00;345.00;3.21;0
14;bunker;957.00;9.90;307.00;4.77;0
14;bunker;997.00;10.93;330.00;1.16;0
14;bunker;991.00;11.10;300.00;5.28;0
14;coastal_bunker;966.00;9.65;322.00;-3.06;0
14;coastal_bunker;985.00;9.65;348.00;-3.61;0
14;coastal_bunker;975.00;9.50;332.00;-1.67;0
14;dockyard;980.00;9.65;346.00;-1.25;0
14;anti_air_building;998.00;11.15;313.00;0.11;0
14;anti_air_building;981.00;10.55;323.00;1.67;0
14;anti_air_building;980.00;10.25;335.00;5.79;0
14;synthetic_refinery;989.00;11.00;295.00;0.71;0
14;fuel_silo;1012.00;10.38;324.00;4.83;0
14;radar_station;994.00;11.12;324.00;2.12;0
14;rocket_site;1002.00;10.50;334.00;2.78;0
14;nuclear_reactor;1012.00;10.30;315.00;5.44;0
15;arms_factory;1141.00;10.20;114.00;3.14;0
15;arms_factory;1148.00;10.00;111.00;5.81;0
15;arms_factory;1137.00;10.00;109.00;2.54;0
15;arms_factory;1146.00;9.95;110.00;5.21;0
15;arms_factory;1133.00;9.85;108.00;1.59;0
15;arms_factory;1137.00;10.10;110.00;4.25;0
15;industrial_complex;1142.00;10.25;116.00;0.99;0
15;industrial_complex;1144.00;10.18;113.00;3.66;0
15;industrial_complex;1143.00;10.20;115.00;0.04;0
15;industrial_complex;1144.00;10.12;112.00;2.70;0
15;industrial_complex;1141.00;10.20;114.00;5.72;0
15;industrial_complex;1149.00;9.95;111.00;0.64;0
15;air_base;1134.00;9.95;109.00;4.76;0
15;naval_base;1133.00;9.50;107.00;-0.79;959
15;bunker;1133.00;9.85;108.00;2.71;0
15;coastal_bunker;1148.00;9.50;109.00;1.29;0
15;dockyard;1145.00;9.50;108.00;-0.79;0
15;anti_air_building;1134.00;9.95;109.00;4.77;0
15;anti_air_building;1139.00;10.25;115.00;1.16;0
15;anti_air_building;1145.00;10.10;112.00;5.28;0
15;synthetic_refinery;1142.00;10.20;114.00;0.20;0
15;fuel_silo;1145.00;10.10;111.00;3.22;0
15;radar_station;1142.00;10.15;113.00;1.13;0
15;rocket_site;1148.00;9.90;110.00;2.26;0
15;nuclear_reactor;1134.00;9.88;108.00;0.11;0
16;arms_factory;898.00;10.10;209.00;2.54;0
16;arms_factory;898.00;10.10;202.00;5.21;0
16;arms_factory;894.00;10.30;234.00;1.59;0
16;arms_factory;887.00;10.32;210.00;4.25;0
16;arms_factory;871.00;10.20;225.00;0.99;0
16;arms_factory;847.00;10.20;214.00;3.66;0
16;industrial_complex;889.00;10.60;241.00;0.04;0
16;industrial_complex;899.00;10.05;200.00;2.70;0
16;industrial_complex;901.00;9.90;213.00;5.72;0
16;industrial_complex;874.00;10.32;209.00;0.64;0
16;industrial_complex;865.00;10.20;224.00;4.76;0
16;industrial_complex;888.00;9.95;196.00;2.61;0
16;air_base;878.00;10.20;240.00;2.71;0
16;naval_base;844.00;9.50;203.00;-0.96;1070
16;naval_base;912.00;9.65;221.00;0.09;1028
16;naval_base;863.00;9.50;196.00;-1.01;1154
16;naval_base;905.00;9.80;195.00;0.71;1351
16;bunker;898.00;10.10;209.00;5.28;0
16;bunker;909.00;10.05;223.00;0.20;0
16;bunker;870.00;10.20;227.00;3.22;0
16;bunker;858.00;10.15;217.00;5.88;0
16;bunker;880.00;10.20;233.00;2.26;0
16;bunker;883.00;10.23;205.00;0.11;0
16;coastal_bunker;894.00;9.50;192.00;-0.56;0
16;coastal_bunker;884.00;9.50;194.00;0.69;0
16;coastal_bunker;910.00;9.60;219.00;0.09;0
16;coastal_bunker;853.00;9.50;200.00;0.09;0
16;dockyard;902.00;9.50;192.00;0.71;0
16;anti_air_building;897.00;10.30;229.00;2.78;0
16;anti_air_building;878.00;10.20;240.00;5.44;0
16;anti_air_building;883.00;10.40;215.00;2.17;0
16;synthetic_refinery;864.00;10.10;201.00;3.38;0
16;fuel_silo;877.00;10.40;207.00;1.22;0
16;radar_station;882.00;10.38;226.00;5.01;0
16;rocket_site;912.00;10.18;227.00;5.45;0
16;nuclear_reactor;910.00;9.95;223.00;3.29;0
17;arms_factory;912.00;10.90;255.00;4.25;0
17;arms_factory;885.00;10.40;273.00;0.99;0
17;arms_factory;885.00;10.25;277.00;3.66;0
17;arms_factory;934.00;10.50;272.00;0.04;0
17;arms_factory;917.00;10.60;255.00;2.70;0
17;arms_factory;943.00;10.48;290.00;5.72;0
17;industrial_complex;927.00;10.15;295.00;0.64;0
17;industrial_complex;939.00;10.40;272.00;4.76;0
17;industrial_complex;898.00;10.12;285.00;2.61;0
17;industrial_complex;916.00;10.05;290.00;2.71;0
17;industrial_complex;888.00;10.32;269.00;0.55;0
17;industrial_complex;882.00;10.35;273.00;3.21;0
17;air_base;927.00;10.50;267.00;4.77;0
17;naval_base;958.00;10.00;290.00;-4.42;1224
17;naval_base;868.00;9.90;281.00;-3.06;1047
17;naval_base;899.00;9.90;287.00;-2.92;682
17;naval_base;929.00;10.05;255.00;1.33;908
17;naval_base;947.00;9.50;268.00;1.50;1260
17;bunker;895.00;10.05;285.00;2.26;0
17;bunker;945.00;10.05;270.00;0.11;0
17;bunker;917.00;10.55;260.00;1.67;0
17;bunker;868.00;10.32;263.00;5.79;0
17;bunker;943.00;10.40;295.00;0.71;0
17;coastal_bunker;948.00;9.95;300.00;-4.42;0
17;coastal_bunker;949.00;10.00;271.00;1.50;0
17;coastal_bunker;884.00;9.85;283.00;-3.06;0
17;coastal_bunker;909.00;9.90;289.00;-2.92;0
17;coastal_bunker;925.00;10.05;242.00;0.86;0
17;dockyard;930.00;9.70;255.00;0.17;0
17;anti_air_building;942.00;10.43;290.00;1.22;0
17;anti_air_building;881.00;10.43;269.00;5.34;0
17;anti_air_building;875.00;10.35;273.00;5.45;0
17;synthetic_refinery;921.00;10.32;244.00;3.29;0
17;fuel_silo;915.00;10.70;250.00;5.95;0
17;radar_station;912.00;10.50;272.00;3.84;0
17;rocket_site;904.00;10.65;268.00;3.89;0
17;nuclear_reactor;926.00;10.53;267.00;1.73;0
18;arms_factory;861.00;10.15;241.00;3.66;0
18;arms_factory;824.00;9.90;254.00;0.04;0
18;arms_factory;868.00;10.10;256.00;2.70;0
18;arms_factory;834.00;10.10;216.00;5.72;0
18;arms_factory;814.00;10.50;224.00;0.64;0
18;arms_factory;805.00;11.00;268.00;4.76;0
18;industrial_complex;793.00;10.60;232.00;2.61;0
18;industrial_complex;843.00;9.90;249.00;2.71;0
18;industrial_complex;778.00;10.15;222.00;0.55;0
18;industrial_complex;828.00;10.00;264.00;3.21;0
18;industrial_complex;807.00;10.40;252.00;4.77;0
18;industrial_complex;850.00;10.10;225.00;1.16;0
18;air_base;786.00;10.38;224.00;5.28;0
18;naval_base;768.00;9.50;222.00;0.00;1242
18;naval_base;826.00;9.50;207.00;0.97;1070
18;naval_base;832.00;9.50;205.00;-0.16;1070
18;naval_base;783.00;9.50;218.00;-0.23;756
18;bunker;834.00;10.12;225.00;0.11;0
18;bunker;795.00;10.65;226.00;1.67;0
18;bunker;861.00;10.20;231.00;5.79;0
18;bunker;786.00;10.55;234.00;0.71;0
18;bunker;835.00;9.85;244.00;4.83;0
18;bunker;819.00;10.40;261.00;0.11;0
18;bunker;779.00;10.12;221.00;2.78;0
18;coastal_bunker;763.00;9.50;223.00;0.00;0
18;coastal_bunker;823.00;9.50;208.00;0.83;0
18;coastal_bunker;835.00;9.50;204.00;-0.16;0
18;coastal_bunker;784.00;9.70;218.00;-0.23;0
18;dockyard;780.00;9.50;219.00;0.00;0
18;anti_air_building;861.00;10.20;261.00;5.45;0
18;anti_air_building;833.00;10.05;211.00;3.29;0
18;anti_air_building;806.00;10.48;222.00;5.95;0
18;synthetic_refinery;809.00;11.00;271.00;2.33;0
18;fuel_silo;788.00;10.57;229.00;3.89;0
18;radar_station;818.00;10.95;241.00;3.08;0
18;rocket_site;766.00;10.18;226.00;4.40;0
18;nuclear_reactor;830.00;10.00;260.00;0.78;0
19;arms_factory;739.00;10.20;248.00;2.70;0
19;arms_factory;764.00;10.10;279.00;5.72;0
19;arms_factory;754.00;10.80;258.00;0.64;0
19;arms_factory;768.00;10.10;292.00;4.76;0
19;arms_factory;759.00;10.90;252.00;2.61;0
19;arms_factory;753.00;10.57;251.00;2.71;0
19;industrial_complex;784.00;10.80;262.00;0.55;0
19;industrial_complex;735.00;10.18;260.00;3.21;0
19;industrial_complex;756.00;9.95;285.00;4.77;0
19;industrial_complex;758.00;10.80;262.00;1.16;0
19;industrial_complex;760.00;9.82;299.00;5.28;0
19;industrial_complex;772.00;10.93;261.00;0.20;0
19;air_base;751.00;10.25;233.00;3.22;0
19;naval_base;732.00;9.62;245.00;-1.45;1343
19;naval_base;723.00;9.60;268.00;-1.46;423
19;naval_base;737.00;9.60;234.00;-1.11;1036
19;naval_base;757.00;9.50;225.00;0.00;1242
19;bunker;764.00;10.65;239.00;5.79;0
19;bunker;735.00;9.90;275.00;0.71;0
19;bunker;750.00;10.60;258.00;4.83;0
19;bunker;743.00;10.05;232.00;0.11;0
19;bunker;768.00;10.75;249.00;2.78;0
19;bunker;736.00;10.05;245.00;5.44;0
19;bunker;774.00;10.25;292.00;2.17;0
19;bunker;781.00;10.80;257.00;3.38;0
19;coastal_bunker;750.00;9.50;226.00;-1.11;0
19;coastal_bunker;729.00;9.50;252.00;-1.45;0
19;coastal_bunker;727.00;9.50;260.00;-0.38;0
19;coastal_bunker;758.00;9.50;225.00;0.00;0
19;dockyard;727.00;9.50;260.00;-0.38;0
19;anti_air_building;771.00;10.85;256.00;2.33;0
19;anti_air_building;754.00;10.23;231.00;3.89;0
19;anti_air_building;783.00;10.75;267.00;1.73;0
19;synthetic_refinery;737.00;10.00;272.00;4.40;0
19;fuel_silo;763.00;9.82;285.00;0.78;0
19;radar_station;756.00;10.45;266.00;5.25;0
19;rocket_site;757.00;10.45;238.00;0.18;0
19;nuclear_reactor;766.00;10.88;262.00;2.84;0
20;arms_factory;703.00;10.15;417.00;0.64;0
20;arms_factory;733.00;9.90;295.00;4.76;0
20;arms_factory;713.00;10.20;369.00;2.61;0
20;arms_factory;737.00;10.93;403.00;2.71;0
20;arms_factory;722.00;10.30;353.00;0.55;0
20;arms_factory;736.00;10.50;380.00;3.21;0
20;industrial_complex;727.00;10.20;320.00;4.77;0
20;industrial_complex;719.00;10.40;341.00;1.16;0
20;industrial_complex;717.00;10.32;356.00;5.28;0
20;industrial_complex;735.00;10.00;330.00;0.20;0
20;industrial_complex;725.00;10.20;319.00;3.22;0
20;industrial_complex;691.00;9.88;436.00;5.88;0
20;air_base;736.00;9.90;308.00;2.26;0
20;naval_base;711.00;9.50;294.00;-2.00;638
20;naval_base;699.00;9.85;363.00;-1.57;407
20;naval_base;697.00;9.50;338.00;-1.91;1106
20;naval_base;691.00;9.62;435.00;-2.11;1055
20;naval_base;704.00;9.50;315.00;-1.50;1282
20;naval_base;703.00;9.50;393.00;-1.41;796
20;bunker;731.00;10.38;370.00;2.78;0
20;bunker;740.00;10.32;342.00;5.44;0
20;bunker;723.00;10.55;398.00;2.17;0
20;bunker;707.00;10.40;421.00;3.38;0
20;bunker;726.00;9.82;297.00;1.22;0
20;bunker;739.00;9.90;308.00;5.34;0
20;bunker;725.00;10.40;334.00;5.45;0
20;bunker;704.00;10.05;382.00;3.29;0
20;bunker;725.00;10.32;327.00;5.95;0
20;bunker;714.00;10.20;367.00;2.33;0
20;coastal_bunker;699.00;9.50;368.00;-1.57;0
20;coastal_bunker;704.00;9.90;397.00;-1.41;0
20;coastal_bunker;709.00;9.57;304.00;-2.00;0
20;coastal_bunker;707.00;9.57;307.00;-0.98;0
20;coastal_bunker;700.00;9.50;327.00;-0.73;0
20;coastal_bunker;697.00;9.50;418.00;-2.11;0
20;dockyard;699.00;9.50;370.00;-1.57;0
20;anti_air_building;698.00;9.90;347.00;5.50;0
20;anti_air_building;741.00;10.20;359.00;2.24;0
20;anti_air_building;737.00;10.10;330.00;3.45;0
20;synthetic_refinery;722.00;10.30;326.00;1.29;0
20;fuel_silo;729.00;10.43;337.00;2.85;0
20;radar_station;724.00;10.40;359.00;1.09;0
20;rocket_site;742.00;10.25;334.00;1.90;0
20;nuclear_reactor;720.00;10.80;417.00;6.02;0
21;arms_factory;718.00;11.00;510.00;2.61;0
21;arms_factory;704.00;10.12;479.00;2.71;0
21;arms_factory;733.00;10.30;559.00;0.55;0
21;arms_factory;695.00;10.10;539.00;3.21;0
21;arms_factory;724.00;11.18;532.00;4.77;0
21;arms_factory;733.00;10.80;427.00;1.16;0
21;industrial_complex;738.00;10.50;558.00;5.28;0
21;industrial_complex;711.00;10.50;439.00;0.20;0
21;industrial_complex;739.00;11.70;462.00;3.22;0
21;industrial_complex;717.00;10.85;476.00;5.88;0
21;industrial_complex;730.00;10.85;441.00;2.26;0
21;industrial_complex;716.00;10.57;438.00;0.11;0
21;air_base;701.00;10.15;496.00;1.67;0
21;naval_base;693.00;9.50;462.00;-0.63;1006
21;naval_base;719.00;9.65;562.00;-2.50;975
21;naval_base;690.00;9.50;519.00;-1.73;1327
21;naval_base;697.00;9.70;551.00;-3.00;975
21;naval_base;695.00;9.50;500.00;-1.88;706
21;naval_base;694.00;9.88;450.00;-1.80;1006
21;bunker;721.00;10.28;555.00;2.17;0
21;bunker;747.00;11.10;445.00;3.38;0
21;bunker;709.00;10.32;550.00;1.22;0
21;bunker;700.00;10.40;525.00;5.34;0
21;bunker;723.00;10.80;441.00;5.45;0
21;bunker;707.00;10.43;497.00;3.29;0
21;bunker;718.00;10.90;458.00;5.95;0
21;bunker;697.00;10.00;475.00;2.33;0
21;coastal_bunker;694.00;9.85;471.00;-2.60;0
21;coastal_bunker;691.00;9.50;515.00;-1.35;0
21;coastal_bunker;693.00;9.88;448.00;-1.80;0
21;coastal_bunker;709.00;9.90;558.00;-3.00;0
21;coastal_bunker;717.00;10.00;561.00;-2.50;0
21;coastal_bunker;696.00;9.50;499.00;-1.88;0
21;dockyard;692.00;9.50;509.00;-1.01;0
21;anti_air_building;707.00;10.50;440.00;5.50;0
21;anti_air_building;727.00;11.00;532.00;2.24;0
21;anti_air_building;727.00;11.88;477.00;3.45;0
21;synthetic_refinery;731.00;10.82;442.00;1.29;0
21;fuel_silo;714.00;10.53;439.00;2.85;0
21;radar_station;720.00;11.15;494.00;1.09;0
21;rocket_site;720.00;11.07;476.00;1.90;0
21;nuclear_reactor;703.00;10.20;475.00;6.02;0
22;arms_factory;1271.00;11.07;307.00;0.55;0
22;arms_factory;1231.00;11.25;329.00;3.21;0
22;arms_factory;1230.00;11.18;328.00;4.77;0
22;arms_factory;1226.00;12.30;358.00;1.16;0
22;arms_factory;1221.00;10.25;285.00;5.28;0
22;arms_factory;1219.00;10.20;284.00;0.20;0
22;industrial_complex;1177.00;11.05;264.00;3.22;0
22;industrial_complex;1182.00;10.88;262.00;5.88;0
22;industrial_complex;1291.00;10.30;270.00;2.26;0
22;industrial_complex;1291.00;10.95;327.00;0.11;0
22;industrial_complex;1315.00;9.90;278.00;1.67;0
22;industrial_complex;1206.00;10.30;325.00;5.79;0
22;air_base;1202.00;10.05;324.00;0.71;0
22;naval_base;1304.00;10.00;329.00;-3.61;1339
22;naval_base;1323.00;9.90;289.00;-4.19;1135
22;naval_base;1310.00;9.50;271.00;1.23;1226
22;bunker;1268.00;10.82;269.00;5.44;0
22;bunker;1320.00;9.95;280.00;2.17;0
22;bunker;1249.00;12.65;355.00;3.38;0
22;bunker;1215.00;9.82;300.00;1.22;0
22;bunker;1203.00;9.90;316.00;5.34;0
22;bunker;1292.00;10.98;317.00;5.45;0
22;bunker;1286.00;11.18;325.00;3.29;0
22;bunker;1271.00;12.50;371.00;5.95;0
22;bunker;1244.00;10.93;304.00;2.33;0
22;bunker;1274.00;11.70;326.00;3.89;0
22;bunker;1176.00;10.12;303.00;1.73;0
22;bunker;1288.00;10.40;271.00;4.40;0
22;bunker;1220.00;10.05;301.00;0.78;0
22;bunker;1179.00;10.38;286.00;2.34;0
22;coastal_bunker;1296.00;9.90;260.00;-0.23;0
22;coastal_bunker;1304.00;10.00;330.00;-3.61;0
22;coastal_bunker;1325.00;9.95;285.00;-4.19;0
22;dockyard;1303.00;10.05;344.00;-3.61;0
22;anti_air_building;1283.00;11.53;339.00;3.45;0
22;anti_air_building;1199.00;9.90;299.00;1.29;0
22;anti_air_building;1174.00;10.10;303.00;2.85;0
22;synthetic_refinery;1276.00;11.07;286.00;5.51;0
22;fuel_silo;1276.00;11.35;309.00;1.90;0
22;radar_station;1240.00;11.03;314.00;5.50;0
22;rocket_site;1254.00;11.20;309.00;6.12;0
22;nuclear_reactor;1257.00;12.43;346.00;3.96;0
23;arms_factory;1287.00;10.40;443.00;4.77;0
23;arms_factory;1310.00;10.15;383.00;1.16;0
23;arms_factory;1265.00;11.20;439.00;5.28;0
23;arms_factory;1283.00;10.90;421.00;0.20;0
23;arms_factory;1301.00;10.43;401.00;3.22;0
23;arms_factory;1283.00;10.55;442.00;5.88;0
23;industrial_complex;1251.00;12.45;393.00;2.26;0
23;industrial_complex;1313.00;10.45;358.00;0.11;0
23;industrial_complex;1255.00;11.43;421.00;1.67;0
23;industrial_complex;1238.00;11.50;414.00;5.79;0
23;industrial_complex;1301.00;11.05;372.00;0.71;0
23;industrial_complex;1260.00;12.38;392.00;4.83;0
23;air_base;1307.00;10.55;357.00;0.11;0
23;naval_base;1305.00;10.00;407.00;1.19;1334
23;naval_base;1292.00;9.95;449.00;-4.39;466
23;naval_base;1310.00;9.95;389.00;-4.38;968
23;naval_base;1320.00;10.12;366.00;-3.67;968
23;bunker;1300.00;10.85;356.00;1.22;0
23;bunker;1247.00;12.10;401.00;5.34;0
23;bunker;1283.00;10.80;427.00;5.45;0
23;bunker;1294.00;11.65;368.00;3.29;0
23;bunker;1293.00;10.28;420.00;5.95;0
23;bunker;1261.00;12.32;380.00;2.33;0
23;bunker;1292.00;10.30;431.00;3.89;0
23;coastal_bunker;1311.00;9.50;349.00;0.30;0
23;coastal_bunker;1310.00;10.10;386.00;-4.38;0
23;coastal_bunker;1300.00;10.12;411.00;1.19;0
23;coastal_bunker;1297.00;10.00;434.00;0.79;0
23;dockyard;1306.00;10.00;405.00;1.19;0
23;anti_air_building;1258.00;11.48;436.00;2.84;0
23;anti_air_building;1286.00;10.70;419.00;5.50;0
23;anti_air_building;1232.00;12.00;413.00;2.24;0
23;synthetic_refinery;1283.00;10.57;439.00;3.45;0
23;fuel_silo;1261.00;12.38;391.00;1.29;0
23;radar_station;1274.00;11.53;408.00;4.79;0
23;rocket_site;1259.00;11.40;419.00;5.51;0
23;nuclear_reactor;1236.00;11.65;412.00;1.90;0
24;arms_factory;1121.00;12.00;243.00;5.28;0
24;arms_factory;1057.00;11.45;283.00;0.20;0
24;arms_factory;1061.00;12.40;249.00;3.22;0
24;arms_factory;1152.00;12.00;256.00;5.88;0
24;arms_factory;1163.00;10.70;277.00;2.26;0
24;arms_factory;1046.00;11.55;270.00;0.11;0
24;industrial_complex;1081.00;10.38;314.00;1.67;0
24;industrial_complex;1127.00;11.88;241.00;5.79;0
24;industrial_complex;1040.00;11.15;283.00;0.71;0
24;industrial_complex;1064.00;12.43;248.00;4.83;0
24;industrial_complex;1080.00;10.60;303.00;0.11;0
24;industrial_complex;1146.00;10.75;277.00;2.78;0
24;air_base;1123.00;10.53;293.00;5.44;0
24;bunker;1113.00;11.60;272.00;2.17;0
24;bunker;1126.00;10.35;297.00;3.38;0
24;bunker;1071.00;10.20;316.00;1.22;0
24;bunker;1136.00;11.85;267.00;5.34;0
24;bunker;1105.00;12.30;260.00;5.45;0
24;bunker;1048.00;9.90;325.00;3.29;0
24;bunker;1145.00;10.48;281.00;5.95;0
24;bunker;1029.00;10.90;289.00;2.33;0
24;bunker;1084.00;11.12;291.00;3.89;0
24;bunker;1096.00;11.03;286.00;1.73;0
24;bunker;1059.00;11.90;244.00;4.40;0
24;bunker;1072.00;13.00;257.00;0.78;0
24;anti_air_building;1122.00;10.60;292.00;0.18;0
24;anti_air_building;1108.00;12.20;264.00;2.84;0
24;anti_air_building;1049.00;10.25;311.00;5.50;0
24;synthetic_refinery;1084.00;12.45;267.00;2.24;0
24;fuel_silo;1097.00;11.70;276.00;3.45;0
24;radar_station;1086.00;11.43;282.00;1.85;0
24;rocket_site;1054.00;10.62;301.00;2.85;0
24;nuclear_reactor;1087.00;10.85;295.00;5.51;0
25;arms_factory;1203.00;13.25;381.00;3.22;0
25;arms_factory;1169.00;11.30;365.00;5.88;0
25;arms_factory;1201.00;12.65;370.00;2.26;0
25;arms_factory;1194.00;10.93;350.00;0.11;0
25;arms_factory;1152.00;12.68;376.00;1.67;0
25;arms_factory;1187.00;9.90;324.00;5.79;0
25;industrial_complex;1224.00;12.95;365.00;0.71;0
25;industrial_complex;1145.00;14.00;385.00;4.83;0
25;industrial_complex;1165.00;9.90;336.00;0.11;0
25;industrial_complex;1241.00;13.10;375.00;2.78;0
25;industrial_complex;1178.00;11.10;357.00;5.44;0
25;industrial_complex;1216.00;11.48;342.00;2.17;0
25;air_base;1239.00;12.88;387.00;3.38;0
25;bunker;1184.00;11.90;368.00;1.22;0
25;bunker;1169.00;11.30;365.00;5.34;0
25;bunker;1188.00;13.32;402.00;5.45;0
25;bunker;1232.00;12.98;390.00;3.29;0
25;bunker;1204.00;13.65;386.00;5.95;0
25;bunker;1184.00;10.40;336.00;2.33;0
25;bunker;1220.00;12.25;358.00;3.89;0
25;anti_air_building;1240.00;13.20;372.00;1.73;0
25;anti_air_building;1182.00;14.55;388.00;4.40;0
25;anti_air_building;1199.00;10.28;336.00;0.78;0
25;synthetic_refinery;1222.00;13.23;383.00;2.34;0
25;fuel_silo;1180.00;14.43;397.00;0.18;0
25;radar_station;1195.00;11.95;363.00;4.49;0
25;rocket_site;1225.00;13.18;388.00;5.50;0
25;nuclear_reactor;1165.00;11.30;365.00;2.24;0
26;arms_factory;1042.00;10.10;360.00;2.26;0
26;arms_factory;1059.00;10.15;338.00;0.11;0
26;arms_factory;1115.00;10.45;343.00;1.67;0
26;arms_factory;1054.00;10.98;371.00;5.79;0
26;arms_factory;1033.00;10.45;343.00;0.71;0
26;arms_factory;1162.00;10.25;346.00;4.83;0
26;industrial_complex;1118.00;9.60;326.00;0.11;0
26;industrial_complex;1045.00;10.18;359.00;2.78;0
26;industrial_complex;1107.00;11.35;351.00;5.44;0
26;industrial_complex;1133.00;10.15;342.00;2.17;0
26;industrial_complex;1069.00;12.75;370.00;3.38;0
26;industrial_complex;1133.00;12.03;367.00;1.22;0
26;air_base;1145.00;9.90;346.00;5.34;0
26;bunker;1065.00;12.32;388.00;5.45;0
26;bunker;1132.00;12.35;368.00;3.29;0
26;bunker;1098.00;11.25;345.00;5.95;0
26;bunker;1059.00;9.82;347.00;2.33;0
26;bunker;1132.00;10.25;346.00;3.89;0
26;bunker;1163.00;10.10;344.00;1.73;0
26;bunker;1089.00;12.68;354.00;4.40;0
26;bunker;1101.00;10.45;333.00;0.78;0
26;bunker;1043.00;10.40;336.00;2.34;0
26;anti_air_building;1146.00;10.57;363.00;0.18;0
26;anti_air_building;1104.00;9.95;313.00;2.84;0
26;anti_air_building;1102.00;13.85;370.00;5.50;0
26;synthetic_refinery;1132.00;12.00;366.00;2.24;0
26;fuel_silo;1117.00;9.85;324.00;3.45;0
26;radar_station;1106.00;11.12;346.00;1.85;0
26;rocket_site;1103.00;12.50;358.00;2.85;0
26;nuclear_reactor;1051.00;9.95;332.00;5.51;0
27;arms_factory;771.00;11.15;576.00;1.67;0
27;arms_factory;746.00;10.88;560.00;5.79;0
27;arms_factory;754.00;10.95;568.00;0.71;0
27;arms_factory;758.00;11.10;562.00;4.83;0
27;arms_factory;761.00;10.80;579.00;0.11;0
27;arms_factory;766.00;10.25;587.00;2.78;0
27;industrial_complex;774.00;10.82;581.00;5.44;0
27;industrial_complex;760.00;10.15;590.00;2.17;0
27;industrial_complex;744.00;10.65;569.00;3.38;0
27;industrial_complex;763.00;11.20;567.00;1.22;0
27;industrial_complex;736.00;10.38;573.00;5.34;0
27;industrial_complex;757.00;11.03;543.00;5.45;0
27;air_base;742.00;10.48;576.00;3.29;0
27;naval_base;729.00;9.65;576.00;-1.98;911
27;naval_base;748.00;9.90;588.00;-2.48;1284
27;bunker;762.00;11.57;551.00;3.89;0
27;bunker;735.00;10.35;575.00;1.73;0
27;bunker;757.00;10.45;583.00;4.40;0
27;coastal_bunker;729.00;9.65;576.00;-1.98;0
27;coastal_bunker;757.00;9.90;593.00;-2.48;0
27;dockyard;745.00;9.90;587.00;-3.54;0
27;anti_air_building;765.00;11.75;557.00;2.84;0
27;anti_air_building;768.00;11.40;565.00;5.50;0
27;anti_air_building;772.00;10.70;582.00;2.24;0
27;synthetic_refinery;760.00;11.10;568.00;3.45;0
27;fuel_silo;760.00;10.43;585.00;1.29;0
27;radar_station;752.00;10.98;568.00;4.79;0
27;rocket_site;772.00;10.43;587.00;5.51;0
27;nuclear_reactor;731.00;10.25;566.00;1.90;0
28;arms_factory;829.00;10.53;338.00;0.71;0
28;arms_factory;938.00;10.15;313.00;4.83;0
28;arms_factory;770.00;10.10;335.00;0.11;0
28;arms_factory;775.00;10.05;379.00;2.78;0
28;arms_factory;854.00;10.48;289.00;5.44;0
28;arms_factory;810.00;10.32;385.00;2.17;0
28;industrial_complex;795.00;10.18;333.00;3.38;0
28;industrial_complex;823.00;10.62;336.00;1.22;0
28;industrial_complex;873.00;10.40;312.00;5.34;0
28;industrial_complex;785.00;10.30;283.00;5.45;0
28;industrial_complex;846.00;12.10;365.00;3.29;0
28;industrial_complex;819.00;11.73;307.00;5.95;0
28;air_base;858.00;10.35;285.00;2.33;0
28;naval_base;947.00;9.90;310.00;1.33;1224
28;naval_base;866.00;9.62;284.00;-4.32;1047
28;naval_base;872.00;9.90;288.00;0.79;1047
28;naval_base;889.00;9.90;301.00;-0.06;1047
28;bunker;777.00;10.32;361.00;2.34;0
28;bunker;849.00;11.82;325.00;0.18;0
28;bunker;933.00;10.28;324.00;2.84;0
28;bunker;778.00;10.20;289.00;5.50;0
28;bunker;805.00;10.05;342.00;2.24;0
28;bunker;821.00;11.48;353.00;3.45;0
28;bunker;796.00;10.25;375.00;1.29;0
28;bunker;814.00;11.93;402.00;2.85;0
28;bunker;786.00;10.05;302.00;5.51;0
28;bunker;849.00;11.57;350.00;1.90;0
28;bunker;801.00;11.00;414.00;6.02;0
28;bunker;866.00;13.43;374.00;6.12;0
28;bunker;886.00;12.85;380.00;3.96;0
28;bunker;833.00;11.48;311.00;1.80;0
28;bunker;908.00;11.12;322.00;4.46;0
28;bunker;770.00;10.10;358.00;6.03;0
28;bunker;864.00;10.38;295.00;2.41;0
28;bunker;871.00;13.32;367.00;0.25;0
28;bunker;776.00;9.90;325.00;1.45;0
28;bunker;757.00;10.80;388.00;4.47;0
28;bunker;833.00;10.95;275.00;0.85;0
28;bunker;842.00;10.65;272.00;3.52;0
28;bunker;896.00;12.50;352.00;5.08;0
28;bunker;846.00;13.10;387.00;2.92;0
28;bunker;742.00;10.90;420.00;5.58;0
28;coastal_bunker;935.00;9.50;309.00;0.54;0
28;coastal_bunker;887.00;9.65;299.00;-0.06;0
28;coastal_bunker;865.00;9.90;283.00;-4.32;0
28;coastal_bunker;876.00;9.50;290.00;0.79;0
28;dockyard;913.00;9.50;307.00;-0.93;0
28;anti_air_building;884.00;12.57;349.00;1.97;0
28;anti_air_building;866.00;10.40;301.00;4.63;0
28;anti_air_building;757.00;11.03;395.00;2.47;0
28;synthetic_refinery;852.00;11.88;354.00;5.14;0
28;fuel_silo;820.00;11.25;349.00;0.41;0
28;radar_station;843.00;11.50;345.00;5.16;0
28;rocket_site;838.00;11.93;379.00;0.92;0
28;nuclear_reactor;888.00;11.85;365.00;2.48;0
29;arms_factory;861.00;14.57;429.00;0.11;0
29;arms_factory;822.00;10.85;531.00;2.78;0
29;arms_factory;770.00;11.45;457.00;5.44;0
29;arms_factory;824.00;13.70;428.00;2.17;0
29;arms_factory;844.00;15.43;430.00;3.38;0
29;arms_factory;756.00;13.75;491.00;1.22;0
29;industrial_complex;789.00;13.62;457.00;5.34;0
29;industrial_complex;761.00;10.20;422.00;5.45;0
29;industrial_complex;836.00;14.88;446.00;3.29;0
29;industrial_complex;749.00;12.95;492.00;5.95;0
29;industrial_complex;778.00;13.82;488.00;2.33;0
29;industrial_complex;831.00;10.88;486.00;3.89;0
29;air_base;845.00;10.23;487.00;1.73;0
29;bunker;742.00;12.15;493.00;4.40;0
29;bunker;841.00;11.60;532.00;0.78;0
29;bunker;793.00;11.00;424.00;2.34;0
29;bunker;750.00;12.07;459.00;0.18;0
29;bunker;855.00;13.15;418.00;2.84;0
29;bunker;733.00;11.40;526.00;5.50;0
29;bunker;803.00;15.82;460.00;2.24;0
29;bunker;769.00;10.48;428.00;3.45;0
29;bunker;779.00;13.05;528.00;1.29;0
29;bunker;826.00;13.07;409.00;2.85;0
29;bunker;771.00;13.23;485.00;5.51;0
29;bunker;743.00;11.95;512.00;1.90;0
29;bunker;875.00;10.23;516.00;6.02;0
29;bunker;831.00;15.25;445.00;6.12;0
29;bunker;776.00;12.23;546.00;3.96;0
29;bunker;862.00;11.28;484.00;1.80;0
29;bunker;796.00;11.30;538.00;4.46;0
29;bunker;781.00;12.53;453.00;6.03;0
29;bunker;803.00;14.28;487.00;2.41;0
29;bunker;825.00;12.85;476.00;0.25;0
29;bunker;808.00;12.10;560.00;1.45;0
29;anti_air_building;775.00;12.62;442.00;4.47;0
29;anti_air_building;844.00;13.90;463.00;0.85;0
29;anti_air_building;790.00;12.98;474.00;3.52;0
29;synthetic_refinery;753.00;13.48;481.00;5.08;0
29;fuel_silo;806.00;14.82;496.00;2.92;0
29;radar_station;803.00;14.23;490.00;0.87;0
29;rocket_site;809.00;14.50;474.00;1.96;0
29;nuclear_reactor;775.00;14.88;507.00;4.98;0
30;arms_factory;862.00;17.10;449.00;5.44;0
30;arms_factory;954.00;12.30;448.00;2.17;0
30;arms_factory;878.00;14.15;435.00;3.38;0
30;arms_factory;891.00;11.73;473.00;1.22;0
30;arms_factory;909.00;10.88;491.00;5.34;0
30;arms_factory;947.00;12.05;474.00;5.45;0
30;industrial_complex;964.00;12.25;470.00;3.29;0
30;industrial_complex;912.00;10.30;448.00;5.95;0
30;industrial_complex;889.00;10.30;526.00;2.33;0
30;industrial_complex;886.00;10.32;522.00;3.89;0
30;industrial_complex;875.00;12.32;466.00;1.73;0
30;industrial_complex;893.00;10.82;511.00;4.40;0
30;air_base;911.00;10.80;476.00;0.78;0
30;bunker;937.00;11.57;467.00;2.34;0
30;bunker;932.00;11.80;471.00;0.18;0
30;bunker;910.00;10.80;470.00;2.84;0
30;bunker;895.00;10.82;522.00;5.50;0
30;bunker;974.00;12.50;469.00;2.24;0
30;bunker;894.00;11.60;477.00;3.45;0
30;bunker;868.00;13.28;464.00;1.29;0
30;bunker;899.00;10.95;497.00;2.85;0
30;bunker;872.00;11.40;476.00;5.51;0
30;anti_air_building;917.00;10.32;449.00;1.90;0
30;anti_air_building;954.00;11.70;462.00;6.02;0
30;anti_air_building;893.00;10.70;523.00;6.12;0
30;synthetic_refinery;880.00;12.00;467.00;3.96;0
30;fuel_silo;902.00;10.95;512.00;1.80;0
30;radar_station;918.00;11.00;482.00;5.43;0
30;rocket_site;902.00;11.05;484.00;6.03;0
30;nuclear_reactor;925.00;11.30;466.00;2.41;0
31;arms_factory;877.00;9.90;589.00;3.38;0
31;arms_factory;831.00;10.30;569.00;1.22;0
31;arms_factory;877.00;10.57;534.00;5.34;0
31;arms_factory;853.00;10.32;588.00;5.45;0
31;arms_factory;832.00;10.48;588.00;3.29;0
31;arms_factory;830.00;10.88;547.00;5.95;0
31;industrial_complex;923.00;10.60;555.00;2.33;0
31;industrial_complex;931.00;10.55;554.00;3.89;0
31;industrial_complex;885.00;10.50;567.00;1.73;0
31;industrial_complex;959.00;10.90;581.00;4.40;0
31;industrial_complex;820.00;10.85;595.00;0.78;0
31;industrial_complex;842.00;11.68;536.00;2.34;0
31;air_base;872.00;11.00;548.00;0.18;0
31;naval_base;803.00;9.90;607.00;-2.94;1130
31;naval_base;878.00;9.88;590.00;-3.73;1174
31;naval_base;931.00;9.65;593.00;-3.64;1091
31;naval_base;863.00;9.95;607.00;-3.41;525
31;naval_base;792.00;9.62;605.00;-3.73;1130
31;naval_base;960.00;9.95;594.00;-3.44;1010
31;naval_base;810.00;9.90;610.00;-1.96;677
31;bunker;837.00;10.55;598.00;1.90;0
31;bunker;909.00;10.98;554.00;6.02;0
31;bunker;808.00;10.50;599.00;6.12;0
31;bunker;865.00;10.10;590.00;3.96;0
31;bunker;879.00;10.85;544.00;1.80;0
31;bunker;854.00;11.12;548.00;4.46;0
31;bunker;837.00;10.88;548.00;6.03;0
31;bunker;832.00;10.30;576.00;2.41;0
31;bunker;970.00;10.85;578.00;0.25;0
31;bunker;855.00;10.10;568.00;1.45;0
31;bunker;887.00;10.40;575.00;4.47;0
31;bunker;774.00;10.25;595.00;0.85;0
31;bunker;909.00;10.20;578.00;3.52;0
31;coastal_bunker;954.00;10.00;595.00;-2.65;0
31;coastal_bunker;868.00;9.90;601.00;-4.64;0
31;coastal_bunker;816.00;10.00;612.00;-1.96;0
31;coastal_bunker;890.00;9.85;587.00;-3.73;0
31;coastal_bunker;807.00;9.65;609.00;-3.05;0
31;coastal_bunker;917.00;9.90;589.00;-2.60;0
31;coastal_bunker;774.00;10.00;599.00;-2.36;0
31;dockyard;812.00;9.70;612.00;-1.96;0
31;anti_air_building;779.00;10.55;586.00;1.97;0
31;anti_air_building;848.00;10.10;576.00;4.63;0
31;anti_air_building;871.00;10.65;560.00;2.47;0
31;synthetic_refinery;965.00;10.45;586.00;5.14;0
31;fuel_silo;852.00;10.25;605.00;0.41;0
31;radar_station;871.00;10.35;568.00;5.16;0
31;rocket_site;868.00;10.95;552.00;0.92;0
31;nuclear_reactor;937.00;10.45;586.00;2.48;0
32;arms_factory;968.00;12.15;487.00;5.34;0
32;arms_factory;982.00;11.95;533.00;5.45;0
32;arms_factory;1000.00;13.40;486.00;3.29;0
32;arms_factory;989.00;12.15;546.00;5.95;0
32;arms_factory;956.00;11.18;499.00;2.33;0
32;arms_factory;998.00;12.50;545.00;3.89;0
32;industrial_complex;949.00;11.30;515.00;1.73;0
32;industrial_complex;952.00;11.48;515.00;4.40;0
32;industrial_complex;990.00;13.60;487.00;0.78;0
32;industrial_complex;969.00;12.00;535.00;2.34;0
32;industrial_complex;973.00;12.00;535.00;0.18;0
32;industrial_complex;980.00;11.80;547.00;2.84;0
32;air_base;983.00;11.80;547.00;5.50;0
32;bunker;951.00;11.15;500.00;2.24;0
32;bunker;1005.00;12.82;535.00;3.45;0
32;bunker;990.00;13.70;498.00;1.29;0
32;bunker;960.00;11.88;523.00;2.85;0
32;bunker;901.00;10.80;529.00;5.51;0
32;bunker;967.00;11.60;506.00;1.90;0
32;bunker;972.00;12.00;531.00;6.02;0
32;bunker;998.00;12.82;524.00;6.12;0
32;bunker;983.00;12.98;478.00;3.96;0
32;bunker;924.00;10.43;502.00;1.80;0
32;bunker;937.00;10.60;561.00;4.46;0
32;anti_air_building;975.00;12.88;475.00;6.03;0
32;anti_air_building;939.00;10.28;540.00;2.41;0
32;anti_air_building;971.00;11.90;537.00;0.25;0
32;synthetic_refinery;974.00;11.98;537.00;1.45;0
32;fuel_silo;951.00;11.95;487.00;4.47;0
32;radar_station;957.00;11.78;522.00;2.04;0
32;rocket_site;939.00;11.10;502.00;3.52;0
32;nuclear_reactor;954.00;11.55;530.00;5.08;0
33;arms_factory;1050.00;12.10;454.00;3.29;0
33;arms_factory;1006.00;11.73;415.00;5.95;0
33;arms_factory;1057.00;12.50;464.00;2.33;0
33;arms_factory;1059.00;11.95;429.00;3.89;0
33;arms_factory;969.00;13.20;436.00;1.73;0
33;arms_factory;990.00;11.80;439.00;4.40;0
33;industrial_complex;1020.00;11.60;425.00;0.78;0
33;industrial_complex;1077.00;13.30;469.00;2.34;0
33;industrial_complex;1074.00;13.20;475.00;0.18;0
33;industrial_complex;992.00;12.50;466.00;2.84;0
33;industrial_complex;988.00;13.05;472.00;5.50;0
33;industrial_complex;1037.00;11.88;478.00;2.24;0
33;air_base;1052.00;12.20;423.00;3.45;0
33;bunker;985.00;11.95;430.00;1.29;0
33;bunker;1000.00;12.25;456.00;2.85;0
33;bunker;1091.00;13.15;460.00;5.51;0
33;bunker;1057.00;12.20;415.00;1.90;0
33;bunker;1004.00;11.65;439.00;6.02;0
33;bunker;1033.00;12.50;501.00;6.12;0
33;bunker;1004.00;13.30;479.00;3.96;0
33;bunker;1036.00;11.10;438.00;1.80;0
33;bunker;1028.00;12.80;465.00;4.46;0
33;bunker;1081.00;12.45;490.00;6.03;0
33;bunker;1015.00;12.73;459.00;2.41;0
33;bunker;1055.00;13.05;481.00;0.25;0
33;bunker;1026.00;11.62;421.00;1.45;0
33;bunker;1068.00;12.00;441.00;4.47;0
33;anti_air_building;996.00;11.98;454.00;0.85;0
33;anti_air_building;1047.00;12.60;505.00;3.52;0
33;anti_air_building;1072.00;11.70;422.00;5.08;0
33;synthetic_refinery;1066.00;12.48;493.00;2.92;0
33;fuel_silo;1010.00;13.28;463.00;5.58;0
33;radar_station;1028.00;11.78;451.00;2.34;0
33;rocket_site;1056.00;13.12;480.00;4.98;0
33;nuclear_reactor;1042.00;11.30;437.00;6.19;0
34;arms_factory;1023.00;12.20;530.00;2.33;0
34;arms_factory;1019.00;12.45;541.00;3.89;0
34;arms_factory;1043.00;11.30;555.00;1.73;0
34;arms_factory;1054.00;10.20;534.00;4.40;0
34;arms_factory;1060.00;10.32;534.00;0.78;0
34;arms_factory;991.00;10.85;572.00;2.34;0
34;industrial_complex;1006.00;10.55;572.00;0.18;0
34;industrial_complex;995.00;10.75;573.00;2.84;0
34;industrial_complex;1033.00;10.35;585.00;5.50;0
34;industrial_complex;1018.00;12.20;532.00;2.24;0
34;industrial_complex;1023.00;12.60;543.00;3.45;0
34;industrial_complex;1033.00;11.60;559.00;1.29;0
34;air_base;1073.00;10.50;526.00;2.85;0
34;naval_base;990.00;9.85;589.00;-2.53;1010
34;naval_base;1019.00;9.90;590.00;-2.88;577
34;naval_base;977.00;9.90;594.00;-2.82;1010
34;naval_base;1057.00;9.90;588.00;-4.59;906
34;bunker;1031.00;10.82;577.00;3.96;0
34;bunker;1065.00;11.55;520.00;1.80;0
34;bunker;1053.00;10.18;539.00;4.46;0
34;bunker;1049.00;10.85;559.00;6.03;0
34;bunker;1039.00;12.50;511.00;2.41;0
34;bunker;981.00;11.82;559.00;0.25;0
34;bunker;1037.00;11.43;562.00;1.45;0
34;bunker;1011.00;10.20;583.00;4.47;0
34;bunker;974.00;10.53;582.00;0.85;0
34;bunker;1014.00;12.40;539.00;3.52;0
34;bunker;1043.00;10.28;583.00;5.08;0
34;coastal_bunker;1020.00;9.65;591.00;-2.88;0
34;coastal_bunker;1027.00;9.65;595.00;-3.14;0
34;coastal_bunker;994.00;9.85;589.00;-2.53;0
34;coastal_bunker;987.00;9.90;589.00;-2.82;0
34;dockyard;1033.00;10.00;594.00;-3.14;0
34;anti_air_building;1048.00;10.70;571.00;4.03;0
34;anti_air_building;1040.00;10.95;572.00;0.41;0
34;anti_air_building;1034.00;10.55;580.00;1.97;0
34;synthetic_refinery;1015.00;12.30;528.00;4.63;0
34;fuel_silo;1021.00;12.15;528.00;2.47;0
34;radar_station;1021.00;12.32;550.00;5.93;0
34;rocket_site;1065.00;11.23;523.00;0.41;0
34;nuclear_reactor;1053.00;10.53;531.00;4.54;0
35;arms_factory;1026.00;10.45;364.00;1.73;0
35;arms_factory;1015.00;11.65;394.00;4.40;0
35;arms_factory;900.00;11.53;418.00;0.78;0
35;arms_factory;991.00;11.45;377.00;2.34;0
35;arms_factory;1036.00;11.82;401.00;0.18;0
35;arms_factory;906.00;12.10;398.00;2.84;0
35;industrial_complex;888.00;12.78;436.00;5.50;0
35;industrial_complex;1015.00;11.70;382.00;2.24;0
35;industrial_complex;974.00;13.60;402.00;3.45;0
35;industrial_complex;883.00;12.75;418.00;1.29;0
35;industrial_complex;1008.00;10.35;367.00;2.85;0
35;industrial_complex;985.00;13.00;386.00;5.51;0
35;air_base;889.00;14.55;396.00;1.90;0
35;naval_base;960.00;9.95;326.00;1.35;1161
35;naval_base;977.00;9.65;354.00;0.43;1219
35;bunker;922.00;10.93;400.00;3.96;0
35;bunker;949.00;12.23;406.00;1.80;0
35;bunker;1038.00;10.70;374.00;4.46;0
35;bunker;989.00;14.25;393.00;6.03;0
35;bunker;885.00;13.62;409.00;2.41;0
35;bunker;990.00;10.43;368.00;0.25;0
35;bunker;1011.00;12.32;387.00;1.45;0
35;bunker;897.00;11.23;421.00;4.47;0
35;bunker;920.00;10.90;432.00;0.85;0
35;bunker;927.00;10.60;358.00;3.52;0
35;bunker;934.00;13.00;381.00;5.08;0
35;bunker;932.00;11.03;398.00;2.92;0
35;bunker;1033.00;11.82;403.00;5.58;0
35;bunker;965.00;10.25;336.00;1.96;0
35;bunker;941.00;12.28;370.00;4.98;0
35;coastal_bunker;968.00;10.12;338.00;1.35;0
35;coastal_bunker;990.00;10.00;361.00;0.43;0
35;dockyard;967.00;10.00;332.00;1.35;0
35;anti_air_building;946.00;12.12;412.00;1.97;0
35;anti_air_building;1029.00;11.05;395.00;4.63;0
35;anti_air_building;881.00;14.00;394.00;2.47;0
35;synthetic_refinery;933.00;10.82;427.00;5.14;0
35;fuel_silo;1051.00;12.30;402.00;0.41;0
35;radar_station;962.00;13.53;385.00;5.16;0
35;rocket_site;908.00;10.50;437.00;0.92;0
35;nuclear_reactor;943.00;12.82;379.00;2.48;0
36;arms_factory;1174.00;11.00;577.00;0.78;0
36;arms_factory;1138.00;10.10;588.00;2.34;0
36;arms_factory;1150.00;11.57;545.00;0.18;0
36;arms_factory;1113.00;9.90;559.00;2.84;0
36;arms_factory;1146.00;11.70;534.00;5.50;0
36;arms_factory;1107.00;12.05;514.00;2.24;0
36;industrial_complex;1156.00;10.35;577.00;3.45;0
36;industrial_complex;1111.00;9.82;584.00;1.29;0
36;industrial_complex;1093.00;10.28;562.00;2.85;0
36;industrial_complex;1150.00;11.48;520.00;5.51;0
36;industrial_complex;1091.00;11.45;521.00;1.90;0
36;industrial_complex;1177.00;11.20;568.00;6.02;0
36;air_base;1115.00;9.90;570.00;6.12;0
36;naval_base;1166.00;9.90;599.00;-2.74;1165
36;naval_base;1064.00;9.88;587.00;-3.06;906
36;naval_base;1151.00;9.90;602.00;-3.87;1249
36;naval_base;1097.00;9.90;597.00;-3.66;1204
36;naval_base;1114.00;9.90;600.00;-2.97;1323
36;naval_base;1162.00;9.90;601.00;-3.14;1249
36;bunker;1111.00;10.00;539.00;1.45;0
36;bunker;1090.00;10.18;542.00;4.47;0
36;bunker;1097.00;10.53;527.00;0.85;0
36;bunker;1091.00;10.32;553.00;3.52;0
36;bunker;1132.00;11.30;526.00;5.08;0
36;bunker;1140.00;10.20;569.00;2.92;0
36;bunker;1119.00;9.90;573.00;5.58;0
36;bunker;1170.00;10.95;571.00;1.96;0
36;bunker;1128.00;11.80;502.00;4.98;0
36;bunker;1074.00;11.78;502.00;6.19;0
36;bunker;1190.00;9.95;595.00;4.03;0
36;bunker;1145.00;10.23;592.00;0.41;0
36;bunker;1153.00;10.30;575.00;1.97;0
36;bunker;1079.00;9.90;586.00;4.63;0
36;bunker;1061.00;10.18;576.00;2.47;0
36;coastal_bunker;1100.00;9.88;597.00;-3.66;0
36;coastal_bunker;1119.00;9.90;601.00;-2.97;0
36;coastal_bunker;1168.00;9.90;599.00;-2.74;0
36;coastal_bunker;1142.00;9.90;599.00;-3.87;0
36;coastal_bunker;1162.00;9.90;602.00;-3.14;0
36;coastal_bunker;1074.00;9.60;589.00;-3.06;0
36;dockyard;1092.00;9.60;597.00;-3.66;0
36;anti_air_building;1098.00;12.20;516.00;4.19;0
36;anti_air_building;1151.00;10.28;591.00;0.92;0
36;anti_air_building;1090.00;9.90;594.00;3.59;0
36;synthetic_refinery;1100.00;10.10;546.00;6.25;0
36;fuel_silo;1125.00;10.07;535.00;2.64;0
36;radar_station;1125.00;9.80;544.00;0.59;0
36;rocket_site;1171.00;10.95;577.00;2.04;0
36;nuclear_reactor;1164.00;11.48;560.00;4.70;0
37;arms_factory;1211.00;11.62;569.00;0.18;0
37;arms_factory;1273.00;10.50;541.00;2.84;0
37;arms_factory;1287.00;10.20;544.00;5.50;0
37;arms_factory;1226.00;12.40;466.00;2.24;0
37;arms_factory;1186.00;13.30;535.00;3.45;0
37;arms_factory;1237.00;10.98;571.00;1.29;0
37;industrial_complex;1216.00;13.20;532.00;2.85;0
37;industrial_complex;1271.00;10.43;549.00;5.51;0
37;industrial_complex;1173.00;12.78;547.00;1.90;0
37;industrial_complex;1227.00;12.40;477.00;6.02;0
37;industrial_complex;1273.00;10.53;497.00;6.12;0
37;industrial_complex;1247.00;11.48;531.00;3.96;0
37;air_base;1206.00;13.10;541.00;1.80;0
37;naval_base;1284.00;9.88;556.00;-3.93;992
37;naval_base;1246.00;9.90;587.00;-3.41;1111
37;naval_base;1298.00;9.80;541.00;1.46;499
37;naval_base;1277.00;9.90;561.00;-4.45;1160
37;naval_base;1205.00;9.85;595.00;-3.02;1206
37;naval_base;1274.00;9.90;516.00;-4.36;754
37;naval_base;1208.00;9.88;595.00;-2.36;1206
37;bunker;1204.00;11.78;567.00;3.52;0
37;bunker;1245.00;10.30;577.00;5.08;0
37;bunker;1248.00;11.90;522.00;2.92;0
37;bunker;1207.00;13.15;504.00;5.58;0
37;bunker;1187.00;13.32;532.00;1.96;0
37;bunker;1222.00;12.82;500.00;4.98;0
37;bunker;1268.00;10.45;516.00;6.19;0
37;bunker;1182.00;13.28;494.00;4.03;0
37;bunker;1216.00;12.88;546.00;0.41;0
37;bunker;1231.00;12.05;552.00;1.97;0
37;bunker;1212.00;12.85;547.00;4.63;0
37;bunker;1267.00;10.53;525.00;2.47;0
37;bunker;1223.00;10.65;583.00;5.14;0
37;bunker;1264.00;10.20;574.00;0.41;0
37;bunker;1168.00;12.82;533.00;4.54;0
37;bunker;1293.00;9.90;547.00;0.92;0
37;coastal_bunker;1289.00;9.90;551.00;-3.52;0
37;coastal_bunker;1253.00;9.85;589.00;-4.18;0
37;coastal_bunker;1276.00;9.95;507.00;-4.36;0
37;coastal_bunker;1263.00;9.88;587.00;-3.41;0
37;coastal_bunker;1226.00;9.88;598.00;-4.00;0
37;coastal_bunker;1205.00;9.85;595.00;-3.02;0
37;coastal_bunker;1283.00;9.95;556.00;-3.93;0
37;dockyard;1293.00;9.85;534.00;0.00;0
37;anti_air_building;1160.00;11.78;516.00;5.65;0
37;anti_air_building;1260.00;11.07;525.00;2.04;0
37;anti_air_building;1230.00;11.73;556.00;4.70;0
37;synthetic_refinery;1224.00;9.90;597.00;2.54;0
37;fuel_silo;1167.00;12.70;528.00;4.10;0
37;radar_station;1226.00;12.62;531.00;0.90;0
37;rocket_site;1251.00;12.30;498.00;3.15;0
37;nuclear_reactor;1205.00;11.15;578.00;6.16;0
38;arms_factory;1164.00;11.65;428.00;5.50;0
38;arms_factory;1107.00;12.60;402.00;2.24;0
38;arms_factory;1271.00;11.30;476.00;3.45;0
38;arms_factory;1174.00;12.38;418.00;1.29;0
38;arms_factory;1121.00;11.60;458.00;2.85;0
38;arms_factory;1144.00;12.88;401.00;5.51;0
38;industrial_complex;1131.00;11.78;430.00;1.90;0
38;industrial_complex;1118.00;12.40;476.00;6.02;0
38;industrial_complex;1176.00;13.15;451.00;6.12;0
38;industrial_complex;1134.00;11.20;463.00;3.96;0
38;industrial_complex;1229.00;12.43;457.00;1.80;0
38;industrial_complex;1270.00;11.25;471.00;4.46;0
38;air_base;1112.00;11.65;445.00;6.03;0
38;naval_base;1285.00;9.90;498.00;-3.76;1268
38;bunker;1164.00;12.00;448.00;0.25;0
38;bunker;1153.00;11.50;469.00;1.45;0
38;bunker;1246.00;12.25;444.00;4.47;0
38;bunker;1122.00;12.85;390.00;0.85;0
38;bunker;1090.00;12.50;406.00;3.52;0
38;bunker;1146.00;11.98;452.00;5.08;0
38;bunker;1115.00;11.70;438.00;2.92;0
38;bunker;1138.00;11.68;422.00;5.58;0
38;bunker;1252.00;12.38;478.00;1.96;0
38;bunker;1203.00;13.78;428.00;4.98;0
38;bunker;1100.00;12.90;461.00;6.19;0
38;bunker;1147.00;12.45;403.00;4.03;0
38;bunker;1101.00;12.20;444.00;0.41;0
38;bunker;1138.00;11.60;470.00;1.97;0
38;bunker;1184.00;13.80;447.00;4.63;0
38;bunker;1209.00;13.82;434.00;2.47;0
38;bunker;1182.00;12.60;408.00;5.14;0
38;bunker;1225.00;12.80;450.00;0.41;0
38;bunker;1285.00;10.12;496.00;4.54;0
38;coastal_bunker;1282.00;10.12;499.00;-3.76;0
38;dockyard;1282.00;10.12;499.00;-3.76;0
38;anti_air_building;1103.00;11.93;429.00;5.14;0
38;anti_air_building;1243.00;12.00;472.00;2.98;0
38;anti_air_building;1164.00;11.75;434.00;4.19;0
38;synthetic_refinery;1091.00;12.32;410.00;0.92;0
38;fuel_silo;1268.00;11.53;481.00;3.59;0
38;radar_station;1180.00;13.43;440.00;1.36;0
38;rocket_site;1142.00;11.50;441.00;2.64;0
38;nuclear_reactor;1144.00;12.05;407.00;5.65;0